instancias/1c101.k10.tsphs
0.00 19.00 19.00 21.00 16.00 18.00 15.00 19.00 16.00 18.00 20.00 17.00 
19.00 0.00 0.00 2.00 4.00 3.00 4.00 5.00 5.00 7.00 7.00 10.00 
19.00 0.00 0.00 2.00 4.00 3.00 4.00 5.00 5.00 7.00 7.00 10.00 
21.00 2.00 2.00 0.00 5.00 4.00 6.00 5.00 6.00 7.00 7.00 11.00 
16.00 4.00 4.00 5.00 0.00 2.00 1.00 4.00 2.00 4.00 6.00 7.00 
18.00 3.00 3.00 4.00 2.00 0.00 3.00 2.00 3.00 4.00 4.00 7.00 
15.00 4.00 4.00 6.00 1.00 3.00 0.00 4.00 2.00 5.00 6.00 7.00 
19.00 5.00 5.00 5.00 4.00 2.00 4.00 0.00 3.00 2.00 2.00 6.00 
16.00 5.00 5.00 6.00 2.00 3.00 2.00 3.00 0.00 3.00 4.00 5.00 
18.00 7.00 7.00 7.00 4.00 4.00 5.00 2.00 3.00 0.00 2.00 4.00 
20.00 7.00 7.00 7.00 6.00 4.00 6.00 2.00 4.00 2.00 0.00 5.00 
17.00 10.00 10.00 11.00 7.00 7.00 7.00 6.00 5.00 4.00 5.00 0.00 
fim
instancias/1c101.k10.tsphs
0.00 19.00 19.00 21.00 16.00 18.00 15.00 19.00 16.00 18.00 20.00 17.00 
19.00 0.00 0.00 2.00 4.00 3.00 4.00 5.00 5.00 7.00 7.00 10.00 
19.00 0.00 0.00 2.00 4.00 3.00 4.00 5.00 5.00 7.00 7.00 10.00 
21.00 2.00 2.00 0.00 5.00 4.00 6.00 5.00 6.00 7.00 7.00 11.00 
16.00 4.00 4.00 5.00 0.00 2.00 1.00 4.00 2.00 4.00 6.00 7.00 
18.00 3.00 3.00 4.00 2.00 0.00 3.00 2.00 3.00 4.00 4.00 7.00 
15.00 4.00 4.00 6.00 1.00 3.00 0.00 4.00 2.00 5.00 6.00 7.00 
19.00 5.00 5.00 5.00 4.00 2.00 4.00 0.00 3.00 2.00 2.00 6.00 
16.00 5.00 5.00 6.00 2.00 3.00 2.00 3.00 0.00 3.00 4.00 5.00 
18.00 7.00 7.00 7.00 4.00 4.00 5.00 2.00 3.00 0.00 2.00 4.00 
20.00 7.00 7.00 7.00 6.00 4.00 6.00 2.00 4.00 2.00 0.00 5.00 
17.00 10.00 10.00 11.00 7.00 7.00 7.00 6.00 5.00 4.00 5.00 0.00 
fim
instancias/1c101.k10.tsphs
0.00 19.00 19.00 21.00 16.00 18.00 15.00 19.00 16.00 18.00 20.00 17.00 
19.00 0.00 0.00 2.00 4.00 3.00 4.00 5.00 5.00 7.00 7.00 10.00 
19.00 0.00 0.00 2.00 4.00 3.00 4.00 5.00 5.00 7.00 7.00 10.00 
21.00 2.00 2.00 0.00 5.00 4.00 6.00 5.00 6.00 7.00 7.00 11.00 
16.00 4.00 4.00 5.00 0.00 2.00 1.00 4.00 2.00 4.00 6.00 7.00 
18.00 3.00 3.00 4.00 2.00 0.00 3.00 2.00 3.00 4.00 4.00 7.00 
15.00 4.00 4.00 6.00 1.00 3.00 0.00 4.00 2.00 5.00 6.00 7.00 
19.00 5.00 5.00 5.00 4.00 2.00 4.00 0.00 3.00 2.00 2.00 6.00 
16.00 5.00 5.00 6.00 2.00 3.00 2.00 3.00 0.00 3.00 4.00 5.00 
18.00 7.00 7.00 7.00 4.00 4.00 5.00 2.00 3.00 0.00 2.00 4.00 
20.00 7.00 7.00 7.00 6.00 4.00 6.00 2.00 4.00 2.00 0.00 5.00 
17.00 10.00 10.00 11.00 7.00 7.00 7.00 6.00 5.00 4.00 5.00 0.00 
fim
instancias/1c101.k10.tsphs
0.00 19.00 19.00 21.00 16.00 18.00 15.00 19.00 16.00 18.00 20.00 17.00 
19.00 0.00 0.00 2.00 4.00 3.00 4.00 5.00 5.00 7.00 7.00 10.00 
19.00 0.00 0.00 2.00 4.00 3.00 4.00 5.00 5.00 7.00 7.00 10.00 
21.00 2.00 2.00 0.00 5.00 4.00 6.00 5.00 6.00 7.00 7.00 11.00 
16.00 4.00 4.00 5.00 0.00 2.00 1.00 4.00 2.00 4.00 6.00 7.00 
18.00 3.00 3.00 4.00 2.00 0.00 3.00 2.00 3.00 4.00 4.00 7.00 
15.00 4.00 4.00 6.00 1.00 3.00 0.00 4.00 2.00 5.00 6.00 7.00 
19.00 5.00 5.00 5.00 4.00 2.00 4.00 0.00 3.00 2.00 2.00 6.00 
16.00 5.00 5.00 6.00 2.00 3.00 2.00 3.00 0.00 3.00 4.00 5.00 
18.00 7.00 7.00 7.00 4.00 4.00 5.00 2.00 3.00 0.00 2.00 4.00 
20.00 7.00 7.00 7.00 6.00 4.00 6.00 2.00 4.00 2.00 0.00 5.00 
17.00 10.00 10.00 11.00 7.00 7.00 7.00 6.00 5.00 4.00 5.00 0.00 
fim
instancias/1c101.k10.tsphs
0.00 19.00 19.00 21.00 16.00 18.00 15.00 19.00 16.00 18.00 20.00 17.00 
19.00 0.00 0.00 2.00 4.00 3.00 4.00 5.00 5.00 7.00 7.00 10.00 
19.00 0.00 0.00 2.00 4.00 3.00 4.00 5.00 5.00 7.00 7.00 10.00 
21.00 2.00 2.00 0.00 5.00 4.00 6.00 5.00 6.00 7.00 7.00 11.00 
16.00 4.00 4.00 5.00 0.00 2.00 1.00 4.00 2.00 4.00 6.00 7.00 
18.00 3.00 3.00 4.00 2.00 0.00 3.00 2.00 3.00 4.00 4.00 7.00 
15.00 4.00 4.00 6.00 1.00 3.00 0.00 4.00 2.00 5.00 6.00 7.00 
19.00 5.00 5.00 5.00 4.00 2.00 4.00 0.00 3.00 2.00 2.00 6.00 
16.00 5.00 5.00 6.00 2.00 3.00 2.00 3.00 0.00 3.00 4.00 5.00 
18.00 7.00 7.00 7.00 4.00 4.00 5.00 2.00 3.00 0.00 2.00 4.00 
20.00 7.00 7.00 7.00 6.00 4.00 6.00 2.00 4.00 2.00 0.00 5.00 
17.00 10.00 10.00 11.00 7.00 7.00 7.00 6.00 5.00 4.00 5.00 0.00 
fim
instancias/1c101.k10.tsphs
0.00 19.00 19.00 21.00 16.00 18.00 15.00 19.00 16.00 18.00 20.00 17.00 
19.00 0.00 0.00 2.00 4.00 3.00 4.00 5.00 5.00 7.00 7.00 10.00 
19.00 0.00 0.00 2.00 4.00 3.00 4.00 5.00 5.00 7.00 7.00 10.00 
21.00 2.00 2.00 0.00 5.00 4.00 6.00 5.00 6.00 7.00 7.00 11.00 
16.00 4.00 4.00 5.00 0.00 2.00 1.00 4.00 2.00 4.00 6.00 7.00 
18.00 3.00 3.00 4.00 2.00 0.00 3.00 2.00 3.00 4.00 4.00 7.00 
15.00 4.00 4.00 6.00 1.00 3.00 0.00 4.00 2.00 5.00 6.00 7.00 
19.00 5.00 5.00 5.00 4.00 2.00 4.00 0.00 3.00 2.00 2.00 6.00 
16.00 5.00 5.00 6.00 2.00 3.00 2.00 3.00 0.00 3.00 4.00 5.00 
18.00 7.00 7.00 7.00 4.00 4.00 5.00 2.00 3.00 0.00 2.00 4.00 
20.00 7.00 7.00 7.00 6.00 4.00 6.00 2.00 4.00 2.00 0.00 5.00 
17.00 10.00 10.00 11.00 7.00 7.00 7.00 6.00 5.00 4.00 5.00 0.00 
fim
